143.87
145.60
146.08
143.41
149.29
153.10
150.76
152.40
155.44
156.54
155.00
158.28
156.67
153.93
157.04
164.10
165.96
167.75
169.65
173.17
173.03
172.62
177.04
177.35
177.69
179.34
180.38
180.72
176.55
177.00
171.87
169.90
170.78
172.51
171.76
172.00
170.57
167.02
166.20
168.93
171.09
175.56
174.80
178.50
176.06
175.16
177.78
173.66
179.53
176.52
175.87
176.23
181.84
184.80
181.49
180.55
180.44
186.25
185.44
184.42
184.97
186.15
180.88
177.15
179.91
178.27
173.04
173.83
174.63
170.06
158.90
163.16
158.43
154.18
148.15
154.06
158.80
159.32
161.81
161.85
161.57
172.62
172.83
178.11
180.90
182.59
178.55
179.11
173.31
170.55
168.17
168.56
150.91
136.59
138.86
139.39
160.82
155.52
156.84
159.28
155.52
156.47
161.90
159.34
162.52
172.37
176.26
177.95
182.30
182.00
183.24
182.89
185.46
186.46
185.96
185.56
191.70
194.85
198.53
203.42
204.72
206.24
205.82
205.25
207.67
203.21
203.41
202.36
201.03
201.50
208.18
207.32
211.47
213.43
211.98
209.02
210.80
217.51
215.73
214.00
203.75
200.32
201.70
200.26
197.68
198.75
201.31
200.94
198.90
202.58
214.55
209.53
209.79
212.03
215.92
218.63
218.52
226.60
226.09
226.84
230.51
230.00
229.90
231.00
229.34
229.32
228.48
233.88
231.27
233.06
236.41
226.08
225.84
221.84
221.90
222.34
224.86
225.04
227.33
229.12
225.96
232.61
233.37
233.19
235.26
232.41
225.00
225.62
224.46
230.12
226.87
234.83
235.62
236.16
234.68
237.38
232.38
230.75
229.61
230.95
229.52
227.52
219.99
215.94
215.75
215.02
214.63
215.66
215.65
212.09
216.34
215.10
213.53
221.26
217.08
215.83
215.20
217.43
216.30
219.73
221.82
225.32
216.00
210.73
215.56
214.30
214.00
211.89
212.94
216.82
217.26
216.59
217.77
221.35
223.00
223.33
213.58
200.08
201.02
204.55
198.05
197.62
196.50
194.61
194.81
195.21
195.50
194.58
194.52
