63.24
64.75
63.64
63.34
63.34
64.49
64.14
63.62
63.82
63.41
62.57
64.26
65.77
64.53
62.26
62.77
63.48
61.63
61.52
61.05
60.81
58.88
60.38
60.93
61.52
62.56
62.40
61.26
60.72
60.50
59.07
59.00
60.04
61.18
61.42
66.95
65.10
66.29
65.50
66.18
65.82
68.34
67.78
67.45
67.18
67.77
67.65
68.43
68.57
67.27
66.48
69.06
69.06
67.92
68.14
66.19
64.75
66.33
64.06
65.39
64.34
65.04
63.75
60.00
61.49
61.79
61.70
59.75
60.12
58.45
54.69
56.77
54.96
53.28
50.33
46.68
45.30
43.92
46.75
46.89
45.92
47.75
46.95
46.77
48.88
48.67
48.07
46.15
43.84
43.60
42.42
43.37
38.71
37.25
37.29
35.88
44.27
39.36
40.88
40.30
40.83
40.59
40.85
39.47
40.34
41.40
42.02
41.58
41.96
42.08
41.63
41.50
44.20
45.51
44.81
45.30
48.54
48.34
51.14
52.99
50.58
50.28
50.92
51.19
49.98
48.27
48.50
47.92
49.40
48.60
48.50
48.39
48.50
48.83
48.98
48.84
50.95
51.20
51.68
49.17
48.88
47.04
49.46
47.32
47.56
47.20
48.25
49.56
48.31
48.97
49.59
49.18
49.00
50.13
50.86
50.00
50.52
50.70
56.78
56.65
58.11
55.71
55.56
56.34
56.29
56.04
55.67
55.98
54.71
54.86
55.61
54.50
53.60
53.21
51.15
52.52
52.87
54.12
53.63
53.64
53.50
58.44
59.42
58.96
60.24
61.09
60.50
59.05
57.84
61.69
60.41
61.15
61.26
61.97
61.78
61.13
61.27
60.55
61.18
61.76
60.68
61.39
60.44
59.87
58.42
57.86
58.82
59.47
59.76
58.89
58.75
57.71
56.74
57.20
57.66
56.75
56.11
57.08
57.26
58.26
56.63
57.12
59.57
57.48
58.72
61.27
61.70
60.40
59.64
61.75
62.32
60.00
58.77
60.95
60.45
57.86
58.76
57.12
57.38
58.50
55.65
58.54
57.81
58.88
58.56
57.74
60.48
59.91
58.41
