244.27
243.58
244.36
246.60
248.16
240.60
245.58
245.33
246.25
242.82
239.86
240.48
238.14
234.64
229.76
230.68
228.87
224.35
223.16
222.04
218.45
213.42
210.64
213.55
213.03
213.32
213.59
212.37
208.94
210.28
207.36
209.75
204.29
203.00
207.15
208.28
213.92
214.89
214.14
218.48
218.16
222.86
220.06
219.79
218.65
222.29
213.30
211.95
212.06
212.01
212.78
210.71
208.97
206.66
206.13
208.43
206.75
200.61
200.00
197.61
195.70
194.65
197.23
199.02
199.85
203.97
202.33
204.90
206.11
207.70
207.08
210.53
213.79
220.10
217.85
212.33
208.95
211.18
211.06
212.98
212.43
213.04
209.89
207.98
210.71
212.56
211.93
212.70
207.75
209.31
209.75
211.90
209.94
202.06
200.21
200.75
214.35
213.51
222.03
222.69
220.95
218.88
218.22
214.12
215.08
216.31
216.27
216.08
218.76
221.23
220.02
219.91
219.75
218.62
216.19
218.00
218.39
219.39
218.96
218.37
219.65
226.86
230.20
230.97
230.82
232.59
239.19
237.49
247.90
244.37
243.42
244.34
243.16
243.19
242.31
242.06
244.27
245.41
244.79
246.67
250.39
256.99
247.77
250.86
248.83
249.67
251.11
246.65
247.87
246.80
246.98
250.84
252.18
253.56
255.73
256.43
257.09
259.05
260.10
259.55
262.31
261.17
263.66
265.51
264.77
263.09
264.42
269.60
273.22
269.28
269.47
272.31
274.12
274.82
278.26
278.06
278.22
276.88
273.81
269.72
270.32
270.21
270.22
271.05
270.55
271.92
272.23
276.15
276.11
275.77
276.17
277.66
276.76
277.04
277.62
275.12
273.11
272.99
272.39
273.89
270.71
275.64
280.63
279.20
281.89
284.27
281.86
282.73
283.94
284.32
286.19
284.00
289.24
293.56
296.95
305.41
300.47
296.10
297.39
303.01
301.43
306.76
298.20
292.34
293.42
299.99
289.72
284.29
283.87
290.56
292.30
288.97
293.28
293.20
291.14
287.38
286.87
295.90
289.10
288.59
291.12
287.10
285.02
290.66
297.00
301.68
300.24
288.37
289.39
