530.96
533.26
534.73
542.01
542.22
521.89
521.45
525.75
529.41
520.34
517.00
517.50
517.48
513.03
510.01
512.94
504.24
496.58
494.65
491.65
490.61
482.94
479.66
489.02
486.49
488.13
489.98
488.97
483.37
485.94
482.25
481.82
466.00
463.96
468.85
468.05
483.16
484.46
483.97
486.86
490.32
506.29
499.34
497.28
496.96
503.69
457.45
454.36
459.65
462.95
455.42
453.68
449.87
448.52
444.39
448.22
449.36
441.97
434.72
423.19
428.54
432.95
436.29
440.72
440.27
448.46
441.50
446.46
450.37
451.94
448.82
460.42
461.50
473.65
479.17
468.88
461.50
467.93
466.17
467.61
469.28
470.55
466.74
439.70
434.98
442.07
445.17
442.28
441.49
446.71
448.64
452.87
454.78
432.15
430.82
443.36
462.24
463.70
474.90
475.34
469.58
477.08
464.08
458.33
462.08
463.55
466.81
477.64
476.29
475.88
477.75
477.72
472.80
471.56
468.21
471.32
474.53
473.52
473.16
459.83
449.18
465.14
468.32
473.06
475.82
470.28
470.45
468.88
476.85
469.98
473.69
482.38
478.82
480.17
482.21
478.03
481.69
480.83
476.90
456.60
469.27
486.45
467.06
479.34
468.60
470.56
472.46
460.20
458.39
457.90
458.59
463.14
465.94
462.55
462.52
469.06
463.01
463.06
464.31
467.51
473.57
470.12
471.47
469.20
463.96
460.53
410.74
419.39
420.55
421.17
421.34
420.13
418.68
420.98
421.01
423.70
428.24
434.85
430.75
425.63
426.26
431.56
442.57
437.32
437.56
440.64
441.10
446.00
447.20
446.20
447.72
455.46
454.47
456.18
455.63
452.50
449.06
456.85
463.90
459.11
457.06
463.87
470.73
471.31
473.25
474.32
473.12
473.62
472.94
480.39
486.67
486.25
484.34
487.44
491.98
499.21
499.00
499.36
504.49
514.24
511.07
514.02
507.76
505.05
503.83
505.18
499.41
493.25
495.15
505.90
489.50
487.14
488.05
485.41
486.91
485.77
485.33
489.72
491.88
487.94
484.98
473.14
468.92
458.35
452.10
457.07
457.04
455.85
465.77
