554.40
561.09
565.52
563.09
559.14
565.11
573.54
569.20
574.32
592.83
613.65
613.78
608.93
623.77
613.57
619.32
632.68
630.79
620.35
624.24
619.44
597.19
595.57
585.25
599.85
607.75
603.35
599.81
591.24
585.51
599.24
604.63
630.20
617.89
610.72
615.86
608.33
594.25
617.12
611.30
612.77
616.46
623.50
636.45
647.49
659.88
674.33
676.49
687.00
689.18
697.46
704.19
704.87
711.99
714.52
717.40
719.80
725.38
728.56
736.67
716.37
703.77
694.84
683.55
668.13
657.50
673.70
658.24
668.20
655.05
640.00
656.47
627.93
625.66
597.99
605.71
619.56
590.64
607.60
604.90
582.36
584.06
586.00
596.25
618.85
626.31
610.98
602.58
576.74
576.36
586.00
583.93
531.62
504.73
516.25
510.45
585.77
546.29
543.57
531.48
521.52
502.31
501.48
484.66
500.28
520.27
533.15
547.27
549.74
554.44
549.00
572.21
597.02
599.27
587.31
596.81
598.01
592.49
639.43
656.03
659.36
643.88
640.34
640.43
637.10
635.50
636.57
627.06
642.32
643.58
645.05
647.49
670.90
666.85
687.95
684.62
697.71
694.06
702.40
694.14
693.36
682.87
702.12
697.23
695.77
682.35
698.53
712.20
708.68
726.09
733.63
738.09
719.22
713.57
719.01
718.35
720.67
732.78
727.24
717.51
720.92
710.39
702.91
701.41
704.28
712.97
704.81
713.58
714.80
712.68
717.63
700.00
695.21
773.44
750.01
776.37
763.46
771.99
761.83
769.30
765.87
790.00
780.08
782.13
785.23
767.37
751.48
747.72
739.10
754.79
753.30
754.10
747.38
751.11
738.70
735.11
737.05
748.65
752.45
752.30
765.70
751.98
750.90
755.59
764.70
779.00
775.72
780.25
778.38
765.16
755.40
760.66
748.91
743.75
743.40
734.38
717.34
727.05
710.56
715.66
713.08
717.84
733.51
705.30
715.70
708.65
717.55
712.07
716.92
732.17
733.27
733.41
734.00
738.36
750.82
751.44
751.67
666.47
648.35
637.71
627.32
635.95
618.94
621.71
631.76
627.08
609.01
609.89
609.46
