488.68
491.02
491.98
496.41
496.87
485.27
488.43
489.08
489.65
484.75
485.21
486.62
479.57
473.65
479.17
480.18
475.62
481.51
480.00
482.60
480.29
467.66
467.13
469.54
467.20
471.09
472.23
471.35
466.52
469.29
468.01
467.82
455.14
452.39
462.21
458.69
472.38
475.50
472.30
481.19
482.38
504.45
502.41
499.77
497.02
503.23
486.64
481.54
483.37
487.27
487.75
482.39
472.34
466.55
468.58
474.37
473.84
470.86
455.06
438.90
441.36
433.45
438.11
447.96
449.94
461.01
454.87
459.97
461.74
473.41
463.83
474.20
475.20
486.52
495.45
494.11
475.10
490.59
484.93
490.50
489.81
491.52
489.23
490.72
495.08
506.62
507.14
513.82
512.19
512.01
513.10
512.18
515.17
485.52
481.57
491.97
512.30
516.09
533.99
535.82
529.36
537.51
540.39
531.33
464.08
472.65
463.07
473.20
483.31
482.10
486.50
486.67
491.42
493.33
487.48
486.04
484.37
482.62
479.16
470.67
456.30
469.05
473.17
471.12
476.60
473.90
472.88
471.46
475.47
475.32
479.39
484.77
483.38
488.22
491.29
488.12
489.41
491.36
488.80
488.46
497.13
516.72
497.52
503.97
494.65
497.70
499.67
484.00
486.92
493.66
494.00
499.98
503.53
498.90
504.20
507.92
504.85
507.94
513.87
514.60
521.11
516.82
519.70
523.83
519.04
515.29
563.79
568.50
568.48
569.74
568.62
573.22
572.81
576.61
586.44
589.75
589.95
589.29
587.38
581.11
580.24
580.80
582.09
583.72
583.96
584.82
586.23
592.54
597.21
592.44
586.74
593.02
586.61
587.90
590.04
589.32
581.01
579.76
580.80
581.90
571.63
579.87
582.95
575.96
574.54
579.36
577.08
573.75
573.03
576.15
577.08
586.27
585.77
594.52
593.99
609.32
605.42
605.01
609.54
618.52
621.63
637.95
635.01
623.49
618.88
626.93
608.93
598.98
594.50
602.00
599.35
596.48
605.74
605.58
595.95
595.05
584.99
578.60
583.45
575.41
577.14
570.50
571.96
568.61
562.98
566.74
558.57
558.00
558.00
